       Total Number of
Year   Pounds Sold
1980   535,469,073
1981   716,782,067
1982   494,386,635
1983   743,186,621
1984   608,411,760
1985   528,891,433
1986   607,385,307
1987   589,803,708
1988   591,248,956
1989   558,961,646
1990   605,536,592
1991   552,015,425
1992   587,276,918
1993   661,930,865
1994   624,879,618
1995   542,698,646
1996   6393021856
1997   645,084,329
1998   617,049,796
1999   707,150,778
2000   601,034,019
2001   563,154,095
2002   598,160,626
2003   661,488,765
2004   667,103,789
2005   606,864,096
2006   871,683,008
2007   677,953,964
2008   712,866,458
2009   593,737,160
2010   628,969,709
2011   619,348,642
