4                    190,362.71
          18                     17,575.80
          14                      1,923.30
          5                       6,910.86
          4                    286,604.00
          7                      11,748.66
          7                       3,153.38
          5                       8,073.70
          45                100,341,778.25
          4                       6,803.80
          14                     29,394.71
          14                     39,698.42
          45                     11,419.80
          13                     28,085.76
          5                    117,036.81
          15                   199,793.89
          6                      32,863.66
          5                       1,144.10
          30                   148,096.25
          5                       9,698.96
          45                 11,569,640.20
          6                      17,594.38
          16                      5,955.51
          25                  2,168,991.93
          5                      70,892.85
          4                    387,557.17
          15                   196,742.99
          7                    217,065.46
          7                           7.41
          4                      14,991.04
          16                     11,537.57
          9                      34,181.91
          7                       4,033.57
          7                      26,666.22
          8                   2,365,846.89

